 ph              6.0   6.0   6.0   6.0   6.0
NAI-aA0801_001 0.192 0.192 0.192 0.191 0.193
NAI-aA0801_002 0.513 0.513 0.514 0.515 0.510
NAI-aA0801_003 0.270 0.269 0.269 0.268 0.271
NAI-AA0801_004 0.001 0.001 0.001 0.001 0.001
NAI-AA0801_005 0.005 0.004 0.005 0.004 0.005
NAI-AA0801_006 0.002 0.002 0.002 0.003 0.002
NAI-BA0801_007 0.003 0.002 0.003 0.002 0.002
NAI-BA0801_008 0.010 0.010 0.010 0.010 0.010
NAI-BA0801_009 0.005 0.005 0.005 0.005 0.005
NAI-1A0801_010 0.000 0.000 0.000 0.000 0.000
NAI-CA0801_011 0.000 0.000 0.000 0.000 0.000
NAIDMA0801_012 0.000 0.000 0.000 0.000 0.000
