 ph              5.0   5.0   5.0   5.0   5.0
NAI-aA0801_001 0.193 0.191 0.191 0.194 0.194
NAI-aA0801_002 0.511 0.513 0.511 0.511 0.510
NAI-aA0801_003 0.269 0.270 0.272 0.270 0.270
NAI-AA0801_004 0.001 0.001 0.001 0.001 0.001
NAI-AA0801_005 0.005 0.005 0.005 0.004 0.004
NAI-AA0801_006 0.002 0.003 0.002 0.002 0.002
NAI-BA0801_007 0.003 0.002 0.002 0.002 0.003
NAI-BA0801_008 0.010 0.010 0.010 0.010 0.010
NAI-BA0801_009 0.005 0.005 0.005 0.005 0.005
NAI-1A0801_010 0.000 0.000 0.000 0.000 0.000
NAI-1A0801_011 0.000 0.000 0.000 0.000 0.000
NAI-CA0801_012 0.000 0.000 0.000 0.000 0.000
NAIDMA0801_013 0.000 0.000 0.000 0.000 0.000
